1 98303927
2 580868459
3 784857323
4 857636141
5 909894647
6 951508837
7 1367470823
8 1480028171
9 1850590099
10 2106973159
11 2121382079
12 2409718043
13 2635873907
14 2704854637
15 3225527099
16 3386231579
17 3823510039
18 3824915671
19 3905211517
20 4123167667
21 4127991383
22 4386448117
23 5101652861
24 5106241969
25 5129361197
26 5196185989
27 5456228759
28 5601567229
29 5669384197
30 5757284539
31 5834474743
32 5873268679
33 5905502717
34 6048371071
35 6151077311
36 6475453619
37 6542778793
38 7450321633
39 7467231883
40 7475663257
41 7641854713
42 7853727241
43 8505729263
44 8838111251
45 9014418571
46 9229669147
47 9478045789
48 9517122301
49 10329462617
50 10755450757
51 11436627959
52 11673096649
53 11968859327
54 12383210071
55 12650971673
56 12830672749
57 13868815633
58 14305463609
59 14478790981
60 14655902017
61 15285500141
62 15879682739
63 16285804411
64 16888298209
65 16901902531
66 17669849039
67 17731085959
68 17922331811
69 17940964619
70 19052235889
71 20227332491
72 20477868361
73 20850137389
74 20909325851
75 20964916969
76 21088950397
77 21611561311
78 23746492139
79 23813359697
80 24026890201
81 24111110521
82 24131667389
83 24360891067
84 25071888731
85 25406951501
86 25508849909
87 25689873701
88 25761968917
89 25918626763
90 26209815341
91 26748150313
92 26784462979
93 26985440543
94 27355671151
95 27607791919
96 27707481947
97 27802640053
98 27953107153
99 28256689763
100 28519991429
101 28724703653
102 29342446499
103 29427086111
104 29651591231
105 30192282493
106 30227602541
107 30431232967
108 30515722183
109 32027015521
110 32279973071
111 32791730399
112 33453888271
113 33747851173
114 34250744201
115 34334460067
116 34821326161
117 36566848597
118 36614560001
119 36620726101
120 37877177839
121 38377128649
122 38444041667
123 39038441297
124 39523129501
125 39525220327
126 39802472357
127 40101306611
128 40687728881
129 42517126217
130 42803156467
131 43023173551
132 44420969951
133 44457133393
134 44606333539
135 44787592121
136 45209749913
137 46611272881
138 46717353169
139 46769645677
140 46886541899
141 47250851617
142 47791304779
143 47925623783
144 47949684413
145 48078375101
146 49285771751
147 50186379583
148 50486619961
149 51069936427
150 51217293917
151 51515447329
152 51863529919
153 51929443273
154 52105271657
155 52330570771
156 52613652379
157 53627429417
158 54668678569
159 54912150659
160 54913297429
161 54984115171
162 55316227081
163 56068592149
164 56544258259
165 56687660269
166 56855460223
167 57046413547
168 57050897413
169 57993376451
170 58157151401
171 58473820829
172 58811259029
173 60335249959
174 60972629083
175 61691944817
176 62383275707
177 62408295799
178 62543666897
179 63385731469
180 63667223419
181 64578911879
182 64921399217
183 65401558489
184 65722536623
185 66006123241
186 66034846627
187 66194804479
188 66289060489
189 66308735863
190 66729642773
191 67897588723
192 67916918009
193 67969333429
194 68245271063
195 68521301521
196 68546738261
197 68638304453
198 69422371961
199 69692624791
200 69961863029
201 70110344333
202 70137598877
203 71200853797
204 71448717049
205 71682691417
206 72534245281
207 72745599931
208 73827799051
209 73974781931
210 74220519391
211 75224523943
212 75509151343
213 75660007667
214 76483907879
215 76560277051
216 76742959519
217 76805039453
218 77355896131
219 77796770333
220 78083357497
221 78564698633
222 78650514091
223 78787371239
224 78855927277
225 79827529063
226 80143089671
227 80515242739
228 80806794851
229 80820532217
230 80855101279
231 80905155701
232 81487103353
233 82188014201
234 83086881571
235 83254593677
236 84510423643
237 84569966983
238 85440951347
239 85892025269
240 86166850633
241 86380117193
242 86479142549
243 86486022509
244 86606758951
245 86646114697
246 86874696551
247 87099217759
248 87197637017
249 87381890287
250 88805232227
251 88880675089
252 89132925809
253 89471877029
254 89854804289
255 89975081519
256 90015877927
257 90061273879
258 90968957707
259 91128682847
260 91509740111
261 91799334751
262 91840482497
263 92073821549
264 93131296229
265 95285538317
266 95352664261
267 95515449079
268 96023866651
269 96212648369
270 96251649523
271 97148660533
272 97380671963
273 97482565471
274 97560168217
275 97792771357
276 98385107281
277 98779971221
278 99283358453
279 99373797751
280 99739175617
281 99917425667
282 99977424731
283 100149363329
284 100297601671
285 100498014941
286 100836221419
287 101629667969
288 103260637607
289 103987093589
290 104294781433
291 104347405793
292 105443592493
293 106636775227
294 107051622719
295 107115583997
296 107305180817
297 107878332673
298 108281211079
299 108385805711
300 108476987173
301 109382779421
302 110350699759
303 111800318429
304 112355818361
305 113561902721
306 113798615041
307 114675471007
308 114886341781
309 115191556651
310 115255963841
311 115522266329
312 115730933251
313 116060024291
314 116385061307
315 117290637869
316 117353491559
317 117658595819
318 117831765713
319 118229871283
320 118336030903
321 118400986819
322 119401170461
323 119554996727
324 119669280023
325 120433537493
326 120862088701
327 121733374769
328 122995100947
329 124237515421
330 124656715723
331 124947753283
332 125110607173
333 125331827359
334 125368946903
335 126561532673
336 126789875539
337 127029326173
338 127420791061
339 127681679449
340 128676585053
341 129599408039
342 129839104319
343 130239879331
344 131615077567
345 131871665089
346 132124710227
347 132255155387
348 132508958801
349 132535030231
350 133099997089
351 133397096429
352 133679724379
353 133979714987
354 134000689877
355 134201556743
356 134420853211
357 135731568031
358 136028855899
359 136481889139
360 136673273837
361 137424943217
362 137500924247
363 138382495751
364 138730923847
365 138900542719
366 139266147529
367 139585154131
368 139673919403
369 139781618027
370 140133288641
371 141172146139
372 142518754657
373 142540973009
374 142572170557
375 142904408677
376 143771605273
377 144497098633
378 144934271617
379 145093860161
380 145539908263
381 145975466531
382 146067539867
383 146597049341
384 146792722291
385 146854855093
386 147348353729
387 147383676581
388 147659150669
389 147674329037
390 148050897361
391 148446047993
392 149040763037
393 150145692509
394 150218225593
395 150402872021
396 150510160037
397 151108894463
398 151172904079
399 151213541033
400 151286246173
401 152188549853
402 152302473529
403 153336398081
404 153901786229
405 154110366587
406 154771336393
407 154803520213
408 155185242011
409 156488262323
410 156551472619
411 157319639167
412 157416943249
413 157498632937
414 157980744217
415 159313318651
416 159405734711
417 159696433027
418 160039683091
419 160220189617
420 160231981471
421 160753969589
422 160928834123
423 161539051727
424 161564608879
425 161675558557
426 161924825383
427 162248029799
428 163414316777
429 163642681451
430 163795993069
431 163882381171
432 165546327161
433 165902977301
434 166674131189
435 166986361733
436 167008370497
437 167515768139
438 168011019103
439 168083935973
440 168289911929
441 169422592783
442 169564940263
443 169573477553
444 169869359129
445 170919584813
446 171221237479
447 171820243447
448 172019200009
449 172432980683
450 172765222841
451 173315397641
452 173336002033
453 173735653093
454 174331390591
455 174465650927
456 174487770581
457 175337844233
458 176693964589
459 176986856317
460 177743211361
461 178033553023
462 179497493171
463 179614845433
464 179872848157
465 179878137077
466 180424623521
467 180853912861
468 181552227377
469 181561082149
470 181752421141
471 182197246001
472 182878398317
473 184544091443
474 185039702191
475 185383291573
476 185514364397
477 187123294843
478 187976727721
479 188371969601
480 189298731233
481 189393078349
482 190117787329
483 190652938283
484 191161972063
485 192119978251
486 192229154531
487 192369723127
488 192563228999
489 193884206939
490 193884475027
491 194375590151
492 194443132817
493 194522081531
494 194533878251
495 194846622431
496 195477436873
497 195624655579
498 195709364993
499 195938671567
500 197290597747
501 197788335989
502 198140042473
503 199159793243
504 200710102049
505 201234104083
506 201743231311
507 201918924307
508 203768966833
509 204294678103
510 204864709849
511 205804094527
512 206142168047
513 206978849827
514 207080229661
515 207296143709
516 207792529807
517 207936884387
518 208076815451
519 208314413981
520 208597280377
521 208632145537
522 208821367163
523 209171917091
524 209710740983
525 210402415703
526 210632720371
527 210867677837
528 211868432437
529 212325205217
530 213237613219
531 213883173619
532 214397798413
533 214839640987
534 215140347937
535 215239397839
536 215386783643
537 215841522089
538 215852359369
539 215892884107
540 216355050173
541 217785043591
542 217873498217
543 217956638689
544 218322240197
545 219867134387
546 220791662989
547 220886418553
548 220941878473
549 221360112877
550 222416767253
551 223258941281
552 224237378839
553 224254499671
554 224913582263
555 225799793983
556 226267601111
557 226765008901
558 226801210621
559 227629747333
560 228168009721
561 228317624749
562 229013911279
563 230167398889
564 230660101961
565 230912915293
566 231008685751
567 231188740963
568 232240939057
569 232275855979
570 232315056289
571 232738507517
572 233150768621
573 233642015501
574 234705757789
575 234852282199
576 235331099257
577 235383583301
578 236224069871
579 236478591617
580 237085048573
581 237697433819
582 237772401389
583 238403172529
584 238523174569
585 238642593127
586 239038702387
587 239745949259
588 239998775309
589 240000046751
590 240528849479
591 240587737099
592 240716360273
593 241147041983
594 241256866831
595 241376944019
596 241557378863
597 242256030199
598 242423979509
599 242551469123
600 242659557641
601 242702635267
602 243254624189
603 243700145263
604 244164135353
605 244205636819
606 244420997377
607 244454420381
608 244578264829
609 244766358341
610 245927992243
611 246383415167
612 246760725569
613 247029669077
614 247195556779
615 247695004369
616 248210816281
617 248367481139
618 248607102223
619 249013697833
620 249223004813
621 249658735841
622 250763469347
623 251702949143
624 251759327107
625 252077843159
626 252134779159
627 252464934511
628 252514682491
629 252685773853
630 253007585911
631 253158550261
632 253491161939
633 253932856117
634 254200932659
635 254264438231
636 254357375849
637 254713105357
638 254762865139
639 255071608373
640 255249589501
641 255534734657
642 255875749231
643 257355454861
644 257617016929
645 260338955477
646 260352269651
647 260450698721
648 261228251737
649 261435858869
650 261677679079
651 261839454083
652 262755955201
653 262936023799
654 263573066971
655 264795137807
656 264812553413
657 265529299219
658 265577918237
659 265587131609
660 266191646459
661 266347823003
662 266800674391
663 267096049673
664 267294667183
665 268783352647
666 268951122061
667 269887290553
668 270203531071
669 271483398779
670 271533380341
671 271562059091
672 273362675471
673 273599256949
674 273905967581
675 274219306307
676 274810503067
677 274917762787
678 275393101541
679 275566063673
680 278541367519
681 279408519851
682 279442000483
683 280282147139
684 280395220753
685 280613567011
686 281054333639
687 281212281593
688 281647798463
689 281818033303
690 282158204849
691 284401978369
692 286912551329
693 287361108019
694 287525893489
695 287858237791
696 288234309049
697 288541142789
698 288693595837
699 288750964639
700 288780056003
701 290010544501
702 290151769333
703 291018789349
704 291229267267
705 291323539981
706 291367274351
707 291423664943
708 291428581517
709 291473821061
710 291922235603
711 292079583077
712 292162437799
713 292264875649
714 292833299699
715 293365313459
716 294479235871
717 294490609211
718 295164012161
719 295188454133
720 295222742317
721 295433957257
722 295669915903
723 296511064417
724 297011282549
725 298099714193
726 298152137711
727 298179243499
728 298294878689
729 298691671997
730 298944694703
731 299065700321
732 299135342029
733 299348653427
734 299488553081
735 299798980183
736 300243451567
737 300265336291
738 300357071029
739 300479476901
740 300519622087
741 300720955867
742 300870275009
743 300960006383
744 301080977843
745 301099525757
746 301640492053
747 301683047381
748 301922706353
749 303027874007
750 303172260617
751 304856327947
752 305007125567
753 305250713879
754 305345660231
755 305757118867
756 306675603011
757 307139789381
758 307470294689
759 307470337547
760 307998687979
761 308942164693
762 309487002611
763 309694028971
764 309886297769
765 309966339197
766 310837004483
767 311601827557
768 311733004213
769 313122183827
770 313483494161
771 313555175039
772 314584947511
773 316074638213
774 316206155407
775 316355682323
776 316653447371
777 316676593741
778 316860308581
779 317237749111
780 317508028129
781 319149588929
782 319274535851
783 320836245251
784 320952022331
785 321452182901
786 321729646349
787 321958687717
788 322738068157
789 323373505699
790 323836725203
791 323896022663
792 323999756909
793 324082171513
794 324219558401
795 324589317809
796 324591625559
797 325257493889
798 325811095871
799 326506112281
800 326509147273
801 326699419597
802 326888952983
803 326927527607
804 327308243453
805 327343773739
806 327436710763
807 327556790461
808 328221013069
809 328327471369
810 329069467273
811 329296090427
812 330596516599
813 330638760097
814 331591043233
815 332287566367
816 334615408843
817 334681037543
818 335397120199
819 335518305541
820 335933578339
821 336368558741
822 336772566041
823 337168211581
824 337647856141
825 338305009927
826 338353986343
827 338591938387
828 339150281227
829 339806889533
830 340219420687
831 340298947073
832 340393286791
833 340413332209
834 341645037281
835 341681584441
836 342436720961
837 342659075243
838 342715160503
839 342741799051
840 343186706843
841 343422205109
842 343900100083
843 344487873931
844 344510928953
845 345403990951
846 345504648953
847 345553822291
848 346202205691
849 347752857217
850 347784342793
851 348041198201
852 349305147479
853 350649205409
854 351284249161
855 351908976413
856 352950379711
857 353617876757
858 354110659381
859 354185893177
860 354413816657
861 356237335661
862 356936917343
863 357486308687
864 358333420079
865 358967317039
866 359079432031
867 359154300517
868 359570475457
869 361191106789
870 362093906677
871 362437075531
872 362519824609
873 362578955677
874 363797819401
875 363834320797
876 364273705987
877 364641111977
878 364743458929
879 365107922807
880 365198632663
881 365564065021
882 365666105933
883 365971127969
884 366150928931
885 366584726801
886 368070724081
887 368492744803
888 369537980611
889 369783790529
890 369936873191
891 370812156151
892 371690902657
893 372749643901
894 372816925909
895 373071663493
896 373096249411
897 373257303827
898 373648999123
899 373745708267
900 374150423893
901 375116515339
902 375347366899
903 375421561313
904 377127305587
905 377320838887
906 378272016803
907 379133016061
908 379218971713
909 379257599519
910 379482049481
911 379608161833
912 380305402999
913 381542494843
914 381803877181
915 381883603391
916 382089380573
917 382244048171
918 382284790477
919 382806677243
920 382831510927
921 383678352913
922 383980438043
923 384209265389
924 384271572161
925 385549543961
926 385595586907
927 387160835657
928 387204134987
929 387411624449
930 387958698229
931 388684673177
932 389584089187
933 389805519773
934 390400461541
935 390409488529
936 390515055881
937 390559766627
938 391380880027
939 392184966373
940 392294252851
941 392406263191
942 392704462327
943 392985718339
944 393244627747
945 394293529841
946 394630110871
947 395017711069
948 395085508681
949 395272613797
950 395646198229
951 395944937299
952 396077067359
953 396516236033
954 396624959447
955 396943655509
956 398718956003
957 398730555563
958 399790914973
959 399852211723
960 400053966749
961 400527901603
962 400671009811
963 400928296487
964 401240618101
965 401620264541
966 401814785231
967 401916538297
968 402870051037
969 402945777679
970 403974444469
971 404271515489
972 405225992687
973 405412090877
974 405729330649
975 406185810361
976 406481798797
977 407025851429
978 408201998731
979 408226696991
980 408422783927
981 409731119851
982 410483510533
983 410503956463
984 410760021571
985 411740848423
986 411799774553
987 412197757663
988 412329301817
989 412521149017
990 413887860523
991 414728058331
992 414841266941
993 414973517129
994 415222119769
995 415235580857
996 415237258063
997 415782139831
998 416343357127
999 416396644753
1000 416402863561
